           3           2          12         151         165         154         302         307         303         464         451         469
           4           7          16         159         169         156         305         312         304         479         452         495
           6           8          17         160         171         167         306         325         310         481         453         502
           9          14          26         162         177         168         308         328         316         490         457         513
          10          15          38         174         179         170         309         330         318         492         458         520
          11          20          40         175         188         172         311         340         319         501         460         530
          13          22          47         178         189         176         313         344         322         508         461         538
          19          25          48         181         190         182         327         349         323         522         463         541
          21          27          54         183         194         186         331         364         324         524         465         543
          23          34          55         184         199         191         333         365         336         528         467         544
          30          35          62         187         202         196         334         369         339         534         468         553
          31          37          63         195         206         200         335         370         347         542         474         560
          32          39          67         197         207         201         341         376         348         555         476         583
          33          42          68         198         247         205         342         385         350         562         477        1056
          43          45          70         203         249         209         346         395         351         566         478        1060
          44          46          74         204         251         211         352         402         354         572         480        1063
          57          49          75         212         254         213         353         434         355         573         482        1065
          58          53          80         214         255         219         356         448         357         587         483        1068
          61          60          81         215         264         220         358         450         366         598         484        1076
          66          65          85         218         270         221         359        2105         367        1055         485        1077
          71          69          87         227         271         223         362        2109         383        1069         486        1078
          82          76          91         228         272         225         363        2111         384        1070         487        1081
          83          77          95         229         277         226         368        2118         390        3453         489        1082
          88          78          97         233         286         248         373        2120         391        3468         491        1083
          89          84         101         234         289         258         374        2122         393        3471         493        1085
          92          86         102         235         296         259         375        2127         396        3473         498        1088
          93          90         103         236        1952         262         378        2130         397        3493         500        1089
          94          98         107         241        1962         266         380        2136         401        3503         503        1091
          96         104         108         244        1967         269         381        2137         404        3513         504        1097
          99         110         109         246        1968         275         382        2146         405        3517         506        1100

