     4     2    17    19    14     1    31     8    65     3    10    12
     6     7    55    20    18     5    41    15    69     9    13    24
    11    35    62    45    22    27    46    25    73    23    16    38
    21    37    63    51    34    47    56    29    87    26    28    67
    30    42    75    52    39    68    58    36    97    40    54    74
    32    78    81    53    86    80    66    49   100    43   102    85
    33   104    91    72   128   103    83    59   107    48   106   101
    44   134    95    77   142   110    88    60   109    57   115   148
    50   144   108    79   165   167    94    64   130    70   117   164
    61   153   111    92   179   168    98    76   149    71   119   182
    82   154   120   114   189   176    99    84   166    89   132   193
    96   230   127   125   270   200   105    90   173    93   143   205
   112   244   141   159   277   219   116   118   186   133   160   210
   113   263   146   174   288   220   129   169   188   135   170   222
   121   267   156   175   327   225   131   171   213   155   191   226
   122   289   172   183   330   248   140   177   237   157   201   243
   123   296   196   195   331   262   152   190   238   161   206   259
   124   300   197   198   349   266   162   194   249   181   211   278
   126   307   209   203   351   276   180   199   271   192   242   279
   136   308   217   204   356   280   184   202   292   216   250   301
   137   326   221   212   364   282   185   207   293   224   265   309
   138   329   223   214   365   287   208   239   298   231   269   314
   139   338   234   218   367   291   215   240   304   245   274   316
   145   340   290   227   369   315   228   251   310   246   275   320
   147   345   297   229   370   322   233   264   318   252   283   321
   150   348   299   235   374   332   247   272   319   253   294   335
   151   352   311   236   376   336   254   286   323   256   295   346
   158   353   317   241   377   354   255   312   324   258   302   347
   178   357   334   260   378   355   257   325   333   281   303   350
   187   359   339   268   380   361   261   328   342   284   305   358

