    10     4     7     9    11     8     3     1     6     2    20    13
    15     5    36    12    21    24    35    31    27    41    23    16
    51    19    60    14    22    25    48    34    29    44    52    17
    58    38    64    26    37    30    59    40    32    54    68    18
    63    47    90    28    39    45    66    42    72    57    89    82
    81    49    95    33    46    50    71    43    74    87    92   106
    97    61   114    83    53    56    75    79    80    96   171   120
   113    73   127    99    55    62    91    86    85   103   187   132
   144    77   133   102    67    65   118    98    88   116   202   134
   162   119   157   105    76    69   130   109   100   117   204   141
   163   142   173   128    84    70   131   111   101   122   214   146
   177   147   181   129   104    78   149   123   107   125   219   151
   198   148   182   135   108    93   203   124   110   126   231   158
   217   168   196   143   112    94   212   139   121   136   249   161
   230   178   201   156   115   140   239   150   145   137   250   175
   233   199   213   165   153   159   247   206   152   138   251   191
   235   220   244   167   166   164   256   208   160   154   254   192
   259   228   260   170   172   186   258   209   184   155   264   211
   291   263   288   174   183   205   277   241   185   169   272   215
   297   268   304   176   194   229   280   243   188   180   275   221
   299   271   314   179   210   234   281   253   190   200   298   224
   301   278   319   189   216   242   286   255   193   225   326   236
   303   302   327   195   222   273   289   265   197   267   344   238
   315   310   346   207   226   282   290   266   237   293   348   248
   317   324   347   218   227   305   308   270   261   294   350   252
   329   336   351   223   232   306   309   274   287   295   352   257
   330   342   354   240   245   312   325   311   300   307   357   279
   338   353   364   262   246   321   332   313   320   328   366   284
   341   358   365   276   269   323   333   316   322   337   371   292
   345   359   367   283   285   331   335   318   339   340   372   296

