     1    32     4     8    14    10     9    27     7     3     5    12
     2    33    22    29    42    13    15    71    16    18    17    21
    11    49    38    31    50    24    25    81    26    20    19    44
    23    63    61    68    64    28    59    83    37    34    36    51
    41    73    70    80   124    30    66    95    45    39    46    58
    48    77    87    96   134    35    74   110    57    43    47    75
    55    89   103   100   139    40    84   130    67    53    52    88
    62    94   109   125   142    65    93   164   104    72    54    91
    76   101   138   136   176    69   123   172   106    85    56   114
    78   102   144   145   203    90   129   175   117   121    60   131
    79   105   186   147   209    98   135   177   122   132    86   143
    82   107   197   151   219   111   137   181   141   160    92   152
   116   113   308   159   227   112   150   214   167   165    97   155
   126   118   309   161   242   115   168   232   170   188    99   156
   133   154   312   162   249   120   174   256   192   191   108   189
   146   158   315   179   258   128   180   278   207   201   119   204
   149   178   318   183   271   140   198   287   210   215   127   208
   153   190   330   184   295   148   199   291   225   216   171   222
   166   193   336   194   314   157   205   301   239   251   202   226
   182   195   341   196   316   163   220   319   241   268   206   228
   185   218   342   213   327   169   237   323   252   272   211   238
   200   233   345   221   334   173   255   331   270   276   223   253
   231   235   347   236   335   187   267   337   281   283   224   257
   234   244   350   263   343   212   282   339   286   288   230   264
   240   247   353   266   349   217   293   344   302   300   246   275
   243   250   355   274   354   229   305   346   304   317   262   296
   248   259   361   280   356   245   306   348   307   325   285   299
   254   260   364   284   362   273   321   352   311   328   290   303
   261   269   366   294   363   277   324   357   320   329   292   310
   265   289   369   297   367   279   333   358   326   332   298   313

