     8     3     2   156   153   152   303   302   305   457   451   452
     9     4     6   162   166   155   307   310   319   458   453   461
    10     5     7   163   168   157   308   311   320   467   454   463
    11    19    13   165   172   158   309   313   321   474   455   465
    12    20    16   167   178   159   312   316   322   475   456   477
    15    21    17   169   183   160   317   318   327   476   459   484
    22    31    18   170   187   161   325   324   339   478   464   489
    24    34    27   174   194   164   328   326   343   479   466   490
    25    37    29   176   198   173   329   332   347   480   470   499
    26    38    30   177   199   175   330   336   349   481   473   505
    33    40    32   179   202   180   333   342   354   483   482   506
    46    42    36   189   203   181   335   348   356   488   485   507
    51    43    45   195   206   182   337   352   357   493   486   509
    58    44    54   200   208   186   338   353   362   500   487   510
    59    47    60   207   209   188   340   359   365   503   491   516
    62    49    64   217   210   190   345   364   367   511   494   520
    63    61    65   218   214   192   346   373   368   513   496   522
    66    67    69   223   216   193   351   374   369   514   497   524
    71    68    70   230   219   197   355   379   377   517   498   528
    76    73    72   233   220   201   358   380   378   519   502   530
    81    77    74   235   222   205   361   381   382   526   508   540
    83    79    78   240   226   211   363   383   385   527   512   541
    87    84    82   262   227   213   366   384   387   529   521   544
    91    86    85   267   228   215   370   386   405   535   523   548
    96    89    88   276   231   221   371   390   409   536   525   551
    97    92    90   283   232   224   376   394   418   539   531   552
    99    98    93   285   239   229   388   395   426   542   532   559
   101   103    94   290   243   234   389   398   432   543   533   569
   102   108    95   291   245   236   392   401   435   545   537   572
   113   111   100   294   246   237   393   407   436   547   538   573

