           1           5           4         151         158         152         305         301         302         451         454         453
           2          14           7         159         164         155         306         319         303         462         456         455
           3          16          12         160         167         156         317         323         304         464         461         457
           8          17          13         161         170         157         321         331         307         465         471         458
           9          27          19         162         171         163         324         337         308         469         473         460
          11          32          21         165         176         169         333         339         311         470         476         467
          15          33          22         174         177         173         336         346         312         472         480         468
          18          36          24         179         181         186         340         348         313         477         485         475
          20          37          28         183         190         187         344         383         314         486         487         478
          23          42          30         184         193         189         352         391         315         493         489         481
          25          46          35         188         202         204         359         400         318         495         496         483
          26          47          38         191         203         208         360         402         320         497         500         488
          29          49          40         194         206         212         362         403         325         498         502         491
          31          54          44         196         209         217         368         409         326         499         504         492
          34          63          51         198         211         222         369         418         327         501         509         494
          39          64          56         200         214         226         372         423         328         505         515         506
          41          67          57         201         218         229         374         430         329         507         517         516
          45          71          58         205         219         238         378         437         330         508         519         518
          48          73          61         210         224         245         379        2117         332         511         534         522
          53          77          65         213         225         253         380        2118         334         512         540         523
          55          81          70         215         227         264         390        2130         335         514         543         528
          59          84          82         216         230         273         394        2144         338         520         551         531
          62          86          85         221         235         275         396        2146         342         521         556         533
          68          89          87         231         241         277         405        2153         343         524         560         537
          72          92          90         234         242         279         411        2159         350         525         570         539
          74          93          91         236         244         284         412        2176         353         527         571         541
          76          94          96         237         246         286         414        2184         354         530         572         546
          78          95          98         239         247         299         420        2199         355         532         577         549
          79          97         101         240         249         756         422        2201         356         535         580         550
          80          99         102         243         250         759         429        2202         357         538         581         555

