    38    15   105    45    30    14     8     9   317    23   112     3
    44    22     1     7    87    21    16    25   474    36   177    18
    81    41     2    27   109    32    24    76   497    54   396    43
    84    47    31    34   118    33    26    98   499    71   399    70
    91    50    59   104     6    48    40    12   504    90   413    79
   175    52    60   162    13    55    46    19   505    94   424   117
   232    53   194   164    68    57    73    39   544   170   431    17
   258    56   252   165    89    67   167    66   559   183   301    62
   410    64   272   172    92    74   176    99   560   208   312   178
   422    65   281   190    93    83   180   107   465   212   315   218
   380    77   294   203   102    97   187   189   486   235   321   227
   336    78   296   204   155   100   323   415   488   352   331   238
   350    85   419   211   157   151   324   417   491   360   335   239
   367    86   304   216   160   169   337   428   510   351   342   241
   374    96   320   221   168   179   338   429   516   363   343   248
   458   101   339   245   173   195   365   439   518   459   357   253
   571   103   344   262   181   196   387   302   523   467   371   280
   482   108   348   299   182   205   395   307   534   485   372   283
   494   116   349   322   184   206   401   310   535   492   376   421
   498   219   355   328   199   209   408   316   537   493   377   325
   507   153   379   354   201   222   412   327   539   495   382   330
   509   161   388   358   213   251   418   329   545   501   383   356
   511   174   572   366   214   261   423   333   549   506   561   373
   519   188   451   375   225   285   434   334   553   508   568   381
   524   215   453   452   226   286   437   345     0   525   574   562
   530   228   469   586   230   288   463   353     0   533   578   582
   536   231   472   464   247   292   476   361     0   548   454   585
   543   234   480   470   249   303   487   362     0   569   455   471
   554   236   481   475   256   306   496   369     0     0   456   478
   460   276   483   477   273   318   514   370     0     0   462   484

