     3    12     1   162   153   151   323   301   303   452   454   451
     8    15     2   164   155   169   324   302   304   458   455   453
     9    19     6   165   157   179   337   307   306   459   456   460
    16    22     7   167   160   195   338   310   317   463   462   464
    18    30    13   170   161   196   352   312   318   467   474   465
    23    39    14   172   168   205   360   315   320   476   482   469
    24    41    17   175   173   206   365   316   322   485   490   470
    25    47    21   176   174   209   387   321   325   487   494   471
    26    50    27   177   181   222   395   327   328   492   497   472
    36    52    31   178   182   251   396   329   330   493   498   475
    38    53    32   180   184   253   399   331   336   495   499   477
    40    56    33   183   188   256   401   333   339   496   504   478
    43    64    34   187   194   258   408   334   344   501   505   480
    44    65    48   189   199   261   410   335   348   506   507   481
    45    66    55   190   201   262   412   342   349   508   509   483
    46    77    57   203   213   272   413   343   350   514   511   484
    54    78    59   204   214   273   415   345   351   525   513   486
    70    85    60   208   215   276   417   353   354   533   519   488
    71    86    62   211   225   280   418   357   355   548   524   491
    73    87    67   212   226   281   419   361   356   561   530   510
    76    96    68   216   228   283   421   362   358   562   536   516
    79    99    74   218   230   285   422   369   363   568   541   518
    81   101    83   219   231   286   423   370   366   569   543   523
    84   103    89   221   234   288   424   371   367   571   544   534
    90   107    92   227   236   292   428   372   373   572   550   535
    91   108    93   232   245   294   429   376   374   574   551   537
    94   109    97   235   247   296   431   377   375   578   554   539
    98   112   100   238   248   299   434   380   379   582   555   545
   105   116   102   239   249     0   437   382   381   585   559   549
   117   118   104   241   252     0   439   383   388   586   560   553

